0 1 63.601
0 1.0727 60.551
0 1.1455 58.239
0 1.2182 56.944
0 1.2909 56.09
0 1.3636 55.428
0 1.4364 54.755
0 1.5091 53.982
0 1.5818 53.152
0 1.6545 52.372
0 1.7273 51.749
0 1.8 51.379
0 1.8727 51.296
0 1.9455 51.45
0 2.0182 51.755
0 2.0909 52.131
0 2.1636 52.52
0 2.2364 52.88
0 2.3091 53.189
0 2.3818 53.443
0 2.4545 53.648
0 2.5273 53.816
0 2.6 53.957
0 2.6727 54.084
0 2.7455 54.205
1.4141 1 64.284
1.4141 1.0727 61.512
1.4141 1.1455 59.322
1.4141 1.2182 57.943
1.4141 1.2909 57.02
1.4141 1.3636 56.325
1.4141 1.4364 55.598
1.4141 1.5091 54.738
1.4141 1.5818 53.817
1.4141 1.6545 52.982
1.4141 1.7273 52.35
1.4141 1.8 51.994
1.4141 1.8727 51.916
1.4141 1.9455 52.053
1.4141 2.0182 52.323
1.4141 2.0909 52.656
1.4141 2.1636 52.999
1.4141 2.2364 53.314
1.4141 2.3091 53.584
1.4141 2.3818 53.806
1.4141 2.4545 53.985
1.4141 2.5273 54.13
1.4141 2.6 54.254
1.4141 2.6727 54.365
1.4141 2.7455 54.471
2.8283 1 64.964
2.8283 1.0727 62.464
2.8283 1.1455 60.395
2.8283 1.2182 58.942
2.8283 1.2909 57.951
2.8283 1.3636 57.221
2.8283 1.4364 56.439
2.8283 1.5091 55.494
2.8283 1.5818 54.482
2.8283 1.6545 53.592
2.8283 1.7273 52.951
2.8283 1.8 52.61
2.8283 1.8727 52.536
2.8283 1.9455 52.655
2.8283 2.0182 52.891
2.8283 2.0909 53.181
2.8283 2.1636 53.477
2.8283 2.2364 53.748
2.8283 2.3091 53.979
2.8283 2.3818 54.168
2.8283 2.4545 54.321
2.8283 2.5273 54.445
2.8283 2.6 54.551
2.8283 2.6727 54.647
2.8283 2.7455 54.738
4.2424 1 65.635
4.2424 1.0727 63.394
4.2424 1.1455 61.447
4.2424 1.2182 59.94
4.2424 1.2909 58.883
4.2424 1.3636 58.114
4.2424 1.4364 57.279
4.2424 1.5091 56.249
4.2424 1.5818 55.148
4.2424 1.6545 54.202
4.2424 1.7273 53.553
4.2424 1.8 53.227
4.2424 1.8727 53.157
4.2424 1.9455 53.257
4.2424 2.0182 53.459
4.2424 2.0909 53.705
4.2424 2.1636 53.955
4.2424 2.2364 54.182
4.2424 2.3091 54.374
4.2424 2.3818 54.531
4.2424 2.4545 54.657
4.2424 2.5273 54.76
4.2424 2.6 54.848
4.2424 2.6727 54.928
4.2424 2.7455 55.005
5.6566 1 66.287
5.6566 1.0727 64.289
5.6566 1.1455 62.468
5.6566 1.2182 60.936
5.6566 1.2909 59.817
5.6566 1.3636 59.003
5.6566 1.4364 58.116
5.6566 1.5091 57.002
5.6566 1.5818 55.815
5.6566 1.6545 54.813
5.6566 1.7273 54.156
5.6566 1.8 53.846
5.6566 1.8727 53.778
5.6566 1.9455 53.859
5.6566 2.0182 54.026
5.6566 2.0909 54.229
5.6566 2.1636 54.433
5.6566 2.2364 54.615
5.6566 2.3091 54.769
5.6566 2.3818 54.893
5.6566 2.4545 54.993
5.6566 2.5273 55.074
5.6566 2.6 55.145
5.6566 2.6727 55.209
5.6566 2.7455 55.271
7.0707 1 66.909
7.0707 1.0727 65.142
7.0707 1.1455 63.452
7.0707 1.2182 61.924
7.0707 1.2909 60.753
7.0707 1.3636 59.883
7.0707 1.4364 58.946
7.0707 1.5091 57.751
7.0707 1.5818 56.484
7.0707 1.6545 55.425
7.0707 1.7273 54.763
7.0707 1.8 54.467
7.0707 1.8727 54.399
7.0707 1.9455 54.46
7.0707 2.0182 54.593
7.0707 2.0909 54.753
7.0707 2.1636 54.91
7.0707 2.2364 55.048
7.0707 2.3091 55.163
7.0707 2.3818 55.255
7.0707 2.4545 55.329
7.0707 2.5273 55.389
7.0707 2.6 55.442
7.0707 2.6727 55.491
7.0707 2.7455 55.538
8.4848 1 67.486
8.4848 1.0727 65.943
8.4848 1.1455 64.392
8.4848 1.2182 62.897
8.4848 1.2909 61.688
8.4848 1.3636 60.753
8.4848 1.4364 59.765
8.4848 1.5091 58.496
8.4848 1.5818 57.157
8.4848 1.6545 56.039
8.4848 1.7273 55.375
8.4848 1.8 55.092
8.4848 1.8727 55.02
8.4848 1.9455 55.061
8.4848 2.0182 55.158
8.4848 2.0909 55.275
8.4848 2.1636 55.386
8.4848 2.2364 55.48
8.4848 2.3091 55.557
8.4848 2.3818 55.617
8.4848 2.4545 55.665
8.4848 2.5273 55.704
8.4848 2.6 55.739
8.4848 2.6727 55.772
8.4848 2.7455 55.805
9.899 1 68.001
9.899 1.0727 66.683
9.899 1.1455 65.283
9.899 1.2182 63.843
9.899 1.2909 62.61
9.899 1.3636 61.609
9.899 1.4364 60.562
9.899 1.5091 59.234
9.899 1.5818 57.835
9.899 1.6545 56.659
9.899 1.7273 55.994
9.899 1.8 55.721
9.899 1.8727 55.642
9.899 1.9455 55.66
9.899 2.0182 55.723
9.899 2.0909 55.796
9.899 2.1636 55.86
9.899 2.2364 55.911
9.899 2.3091 55.95
9.899 2.3818 55.978
9.899 2.4545 56.001
9.899 2.5273 56.019
9.899 2.6 56.036
9.899 2.6727 56.054
9.899 2.7455 56.072
11.313 1 68.44
11.313 1.0727 67.355
11.313 1.1455 66.116
11.313 1.2182 64.749
11.313 1.2909 63.509
11.313 1.3636 62.447
11.313 1.4364 61.334
11.313 1.5091 59.965
11.313 1.5818 58.52
11.313 1.6545 57.286
11.313 1.7273 56.625
11.313 1.8 56.354
11.313 1.8727 56.264
11.313 1.9455 56.258
11.313 2.0182 56.285
11.313 2.0909 56.315
11.313 2.1636 56.333
11.313 2.2364 56.341
11.313 2.3091 56.342
11.313 2.3818 56.34
11.313 2.4545 56.336
11.313 2.5273 56.334
11.313 2.6 56.334
11.313 2.6727 56.336
11.313 2.7455 56.34
12.727 1 68.788
12.727 1.0727 67.949
12.727 1.1455 66.883
12.727 1.2182 65.604
12.727 1.2909 64.375
12.727 1.3636 63.264
12.727 1.4364 62.087
12.727 1.5091 60.689
12.727 1.5818 59.212
12.727 1.6545 57.93
12.727 1.7273 57.267
12.727 1.8 56.99
12.727 1.8727 56.885
12.727 1.9455 56.855
12.727 2.0182 56.846
12.727 2.0909 56.831
12.727 2.1636 56.803
12.727 2.2364 56.769
12.727 2.3091 56.733
12.727 2.3818 56.7
12.727 2.4545 56.672
12.727 2.5273 56.649
12.727 2.6 56.632
12.727 2.6727 56.619
12.727 2.7455 56.607
14.141 1 69.032
14.141 1.0727 68.455
14.141 1.1455 67.575
14.141 1.2182 66.397
14.141 1.2909 65.202
14.141 1.3636 64.055
14.141 1.4364 62.825
14.141 1.5091 61.404
14.141 1.5818 59.911
14.141 1.6545 58.608
14.141 1.7273 57.923
14.141 1.8 57.629
14.141 1.8727 57.505
14.141 1.9455 57.449
14.141 2.0182 57.404
14.141 2.0909 57.344
14.141 2.1636 57.271
14.141 2.2364 57.194
14.141 2.3091 57.123
14.141 2.3818 57.061
14.141 2.4545 57.008
14.141 2.5273 56.965
14.141 2.6 56.93
14.141 2.6727 56.901
14.141 2.7455 56.876
15.556 1 69.164
15.556 1.0727 68.861
15.556 1.1455 68.179
15.556 1.2182 67.121
15.556 1.2909 65.981
15.556 1.3636 64.818
15.556 1.4364 63.546
15.556 1.5091 62.112
15.556 1.5818 60.615
15.556 1.6545 59.315
15.556 1.7273 58.591
15.556 1.8 58.269
15.556 1.8727 58.123
15.556 1.9455 58.04
15.556 2.0182 57.958
15.556 2.0909 57.854
15.556 2.1636 57.735
15.556 2.2364 57.618
15.556 2.3091 57.512
15.556 2.3818 57.42
15.556 2.4545 57.344
15.556 2.5273 57.281
15.556 2.6 57.229
15.556 2.6727 57.185
15.556 2.7455 57.144
16.97 1 69.176
16.97 1.0727 69.153
16.97 1.1455 68.684
16.97 1.2182 67.769
16.97 1.2909 66.71
16.97 1.3636 65.547
16.97 1.4364 64.251
16.97 1.5091 62.811
16.97 1.5818 61.321
16.97 1.6545 60.035
16.97 1.7273 59.269
16.97 1.8 58.909
16.97 1.8727 58.738
16.97 1.9455 58.628
16.97 2.0182 58.509
16.97 2.0909 58.36
16.97 2.1636 58.196
16.97 2.2364 58.04
16.97 2.3091 57.9
16.97 2.3818 57.779
16.97 2.4545 57.679
16.97 2.5273 57.597
16.97 2.6 57.529
16.97 2.6727 57.469
16.97 2.7455 57.413
18.384 1 69.066
18.384 1.0727 69.315
18.384 1.1455 69.072
18.384 1.2182 68.334
18.384 1.2909 67.381
18.384 1.3636 66.239
18.384 1.4364 64.937
18.384 1.5091 63.502
18.384 1.5818 62.028
18.384 1.6545 60.758
18.384 1.7273 59.952
18.384 1.8 59.549
18.384 1.8727 59.348
18.384 1.9455 59.211
18.384 2.0182 59.055
18.384 2.0909 58.86
18.384 2.1636 58.653
18.384 2.2364 58.458
18.384 2.3091 58.285
18.384 2.3818 58.138
18.384 2.4545 58.015
18.384 2.5273 57.914
18.384 2.6 57.829
18.384 2.6727 57.753
18.384 2.7455 57.683
19.798 1 68.833
19.798 1.0727 69.328
19.798 1.1455 69.333
19.798 1.2182 68.813
19.798 1.2909 67.991
19.798 1.3636 66.891
19.798 1.4364 65.602
19.798 1.5091 64.182
19.798 1.5818 62.73
19.798 1.6545 61.476
19.798 1.7273 60.635
19.798 1.8 60.185
19.798 1.8727 59.953
19.798 1.9455 59.79
19.798 2.0182 59.594
19.798 2.0909 59.354
19.798 2.1636 59.106
19.798 2.2364 58.874
19.798 2.3091 58.67
19.798 2.3818 58.495
19.798 2.4545 58.35
19.798 2.5273 58.231
19.798 2.6 58.129
19.798 2.6727 58.039
19.798 2.7455 57.953
21.212 1 68.477
21.212 1.0727 69.194
21.212 1.1455 69.46
21.212 1.2182 69.2
21.212 1.2909 68.535
21.212 1.3636 67.498
21.212 1.4364 66.243
21.212 1.5091 64.85
21.212 1.5818 63.424
21.212 1.6545 62.183
21.212 1.7273 61.313
21.212 1.8 60.816
21.212 1.8727 60.551
21.212 1.9455 60.361
21.212 2.0182 60.127
21.212 2.0909 59.843
21.212 2.1636 59.554
21.212 2.2364 59.287
21.212 2.3091 59.052
21.212 2.3818 58.852
21.212 2.4545 58.686
21.212 2.5273 58.548
21.212 2.6 58.431
21.212 2.6727 58.324
21.212 2.7455 58.223
22.626 1 68
22.626 1.0727 68.923
22.626 1.1455 69.456
22.626 1.2182 69.492
22.626 1.2909 69.006
22.626 1.3636 68.056
22.626 1.4364 66.86
22.626 1.5091 65.502
22.626 1.5818 64.104
22.626 1.6545 62.876
22.626 1.7273 61.981
22.626 1.8 61.44
22.626 1.8727 61.14
22.626 1.9455 60.925
22.626 2.0182 60.651
22.626 2.0909 60.324
22.626 2.1636 59.998
22.626 2.2364 59.697
22.626 2.3091 59.432
22.626 2.3818 59.208
22.626 2.4545 59.022
22.626 2.5273 58.866
22.626 2.6 58.733
22.626 2.6727 58.611
22.626 2.7455 58.494
24.04 1 67.404
24.04 1.0727 68.531
24.04 1.1455 69.33
24.04 1.2182 69.681
24.04 1.2909 69.398
24.04 1.3636 68.564
24.04 1.4364 67.448
24.04 1.5091 66.136
24.04 1.5818 64.766
24.04 1.6545 63.55
24.04 1.7273 62.636
24.04 1.8 62.054
24.04 1.8727 61.718
24.04 1.9455 61.478
24.04 2.0182 61.164
24.04 2.0909 60.798
24.04 2.1636 60.436
24.04 2.2364 60.103
24.04 2.3091 59.811
24.04 2.3818 59.563
24.04 2.4545 59.357
24.04 2.5273 59.185
24.04 2.6 59.036
24.04 2.6727 58.898
24.04 2.7455 58.766
25.455 1 66.695
25.455 1.0727 68.031
25.455 1.1455 69.097
25.455 1.2182 69.762
25.455 1.2909 69.704
25.455 1.3636 69.018
25.455 1.4364 68.005
25.455 1.5091 66.747
25.455 1.5818 65.407
25.455 1.6545 64.202
25.455 1.7273 63.273
25.455 1.8 62.657
25.455 1.8727 62.284
25.455 1.9455 62.017
25.455 2.0182 61.665
25.455 2.0909 61.264
25.455 2.1636 60.87
25.455 2.2364 60.506
25.455 2.3091 60.187
25.455 2.3818 59.917
25.455 2.4545 59.693
25.455 2.5273 59.505
25.455 2.6 59.34
25.455 2.6727 59.187
25.455 2.7455 59.038
26.869 1 65.882
26.869 1.0727 67.437
26.869 1.1455 68.766
26.869 1.2182 69.727
26.869 1.2909 69.92
26.869 1.3636 69.417
26.869 1.4364 68.528
26.869 1.5091 67.331
26.869 1.5818 66.021
26.869 1.6545 64.829
26.869 1.7273 63.891
26.869 1.8 63.245
26.869 1.8727 62.837
26.869 1.9455 62.536
26.869 2.0182 62.154
26.869 2.0909 61.722
26.869 2.1636 61.298
26.869 2.2364 60.906
26.869 2.3091 60.562
26.869 2.3818 60.271
26.869 2.4545 60.029
26.869 2.5273 59.826
26.869 2.6 59.645
26.869 2.6727 59.475
26.869 2.7455 59.31
28.283 1 64.977
28.283 1.0727 66.76
28.283 1.1455 68.35
28.283 1.2182 69.589
28.283 1.2909 70.049
28.283 1.3636 69.76
28.283 1.4364 69.014
28.283 1.5091 67.883
28.283 1.5818 66.606
28.283 1.6545 65.43
28.283 1.7273 64.487
28.283 1.8 63.817
28.283 1.8727 63.375
28.283 1.9455 63.036
28.283 2.0182 62.629
28.283 2.0909 62.173
28.283 2.1636 61.721
28.283 2.2364 61.302
28.283 2.3091 60.934
28.283 2.3818 60.623
28.283 2.4545 60.366
28.283 2.5273 60.147
28.283 2.6 59.951
28.283 2.6727 59.765
28.283 2.7455 59.583
29.697 1 63.994
29.697 1.0727 66.009
29.697 1.1455 67.862
29.697 1.2182 69.366
29.697 1.2909 70.097
29.697 1.3636 70.046
29.697 1.4364 69.458
29.697 1.5091 68.397
29.697 1.5818 67.159
29.697 1.6545 66.003
29.697 1.7273 65.06
29.697 1.8 64.372
29.697 1.8727 63.898
29.697 1.9455 63.52
29.697 2.0182 63.092
29.697 2.0909 62.615
29.697 2.1636 62.14
29.697 2.2364 61.695
29.697 2.3091 61.304
29.697 2.3818 60.975
29.697 2.4545 60.703
29.697 2.5273 60.47
29.697 2.6 60.258
29.697 2.6727 60.055
29.697 2.7455 59.857
31.111 1 62.95
31.111 1.0727 65.192
31.111 1.1455 67.314
31.111 1.2182 69.077
31.111 1.2909 70.079
31.111 1.3636 70.274
31.111 1.4364 69.857
31.111 1.5091 68.871
31.111 1.5818 67.677
31.111 1.6545 66.545
31.111 1.7273 65.607
31.111 1.8 64.907
31.111 1.8727 64.405
31.111 1.9455 63.99
31.111 2.0182 63.542
31.111 2.0909 63.048
31.111 2.1636 62.553
31.111 2.2364 62.085
31.111 2.3091 61.672
31.111 2.3818 61.326
31.111 2.4545 61.041
31.111 2.5273 60.793
31.111 2.6 60.565
31.111 2.6727 60.346
31.111 2.7455 60.13
32.525 1 61.862
32.525 1.0727 64.326
32.525 1.1455 66.724
32.525 1.2182 68.741
32.525 1.2909 70.007
32.525 1.3636 70.448
32.525 1.4364 70.201
32.525 1.5091 69.299
32.525 1.5818 68.159
32.525 1.6545 67.055
32.525 1.7273 66.129
32.525 1.8 65.423
32.525 1.8727 64.895
32.525 1.9455 64.447
32.525 2.0182 63.98
32.525 2.0909 63.473
32.525 2.1636 62.96
32.525 2.2364 62.472
32.525 2.3091 62.038
32.525 2.3818 61.677
32.525 2.4545 61.379
32.525 2.5273 61.118
32.525 2.6 60.874
32.525 2.6727 60.638
32.525 2.7455 60.404
33.939 1 60.748
33.939 1.0727 63.43
33.939 1.1455 66.108
33.939 1.2182 68.373
33.939 1.2909 69.894
33.939 1.3636 70.568
33.939 1.4364 70.473
33.939 1.5091 69.679
33.939 1.5818 68.602
33.939 1.6545 67.533
33.939 1.7273 66.624
33.939 1.8 65.917
33.939 1.8727 65.369
33.939 1.9455 64.892
33.939 2.0182 64.408
33.939 2.0909 63.89
33.939 2.1636 63.363
33.939 2.2364 62.856
33.939 2.3091 62.402
33.939 2.3818 62.028
33.939 2.4545 61.718
33.939 2.5273 61.443
33.939 2.6 61.183
33.939 2.6727 60.929
33.939 2.7455 60.678
35.354 1 59.622
35.354 1.0727 62.521
35.354 1.1455 65.483
35.354 1.2182 67.987
35.354 1.2909 69.75
35.354 1.3636 70.64
35.354 1.4364 70.684
35.354 1.5091 70.009
35.354 1.5818 69.006
35.354 1.6545 67.978
35.354 1.7273 67.092
35.354 1.8 66.391
35.354 1.8727 65.827
35.354 1.9455 65.326
35.354 2.0182 64.826
35.354 2.0909 64.299
35.354 2.1636 63.761
35.354 2.2364 63.237
35.354 2.3091 62.765
35.354 2.3818 62.379
35.354 2.4545 62.059
35.354 2.5273 61.769
35.354 2.6 61.493
35.354 2.6727 61.222
35.354 2.7455 60.953
36.768 1 58.499
36.768 1.0727 61.619
36.768 1.1455 64.868
36.768 1.2182 67.595
36.768 1.2909 69.586
36.768 1.3636 70.668
36.768 1.4364 70.843
36.768 1.5091 70.289
36.768 1.5818 69.37
36.768 1.6545 68.39
36.768 1.7273 67.534
36.768 1.8 66.842
36.768 1.8727 66.267
36.768 1.9455 65.747
36.768 2.0182 65.234
36.768 2.0909 64.7
36.768 2.1636 64.153
36.768 2.2364 63.617
36.768 2.3091 63.126
36.768 2.3818 62.73
36.768 2.4545 62.4
36.768 2.5273 62.096
36.768 2.6 61.803
36.768 2.6727 61.514
36.768 2.7455 61.227
38.182 1 57.387
38.182 1.0727 60.75
38.182 1.1455 64.275
38.182 1.2182 67.208
38.182 1.2909 69.408
38.182 1.3636 70.655
38.182 1.4364 70.954
38.182 1.5091 70.52
38.182 1.5818 69.694
38.182 1.6545 68.769
38.182 1.7273 67.948
38.182 1.8 67.272
38.182 1.8727 66.69
38.182 1.9455 66.156
38.182 2.0182 65.632
38.182 2.0909 65.093
38.182 2.1636 64.541
38.182 2.2364 63.994
38.182 2.3091 63.488
38.182 2.3818 63.083
38.182 2.4545 62.741
38.182 2.5273 62.423
38.182 2.6 62.114
38.182 2.6727 61.807
38.182 2.7455 61.501
39.596 1 56.294
39.596 1.0727 59.953
39.596 1.1455 63.716
39.596 1.2182 66.839
39.596 1.2909 69.224
39.596 1.3636 70.607
39.596 1.4364 71.019
39.596 1.5091 70.703
39.596 1.5818 69.977
39.596 1.6545 69.116
39.596 1.7273 68.337
39.596 1.8 67.68
39.596 1.8727 67.096
39.596 1.9455 66.553
39.596 2.0182 66.021
39.596 2.0909 65.478
39.596 2.1636 64.923
39.596 2.2364 64.369
39.596 2.3091 63.85
39.596 2.3818 63.437
39.596 2.4545 63.084
39.596 2.5273 62.751
39.596 2.6 62.425
39.596 2.6727 62.1
39.596 2.7455 61.775
41.01 1 55.229
41.01 1.0727 59.196
41.01 1.1455 63.2
41.01 1.2182 66.511
41.01 1.2909 69.039
41.01 1.3636 70.528
41.01 1.4364 71.041
41.01 1.5091 70.841
41.01 1.5818 70.221
41.01 1.6545 69.434
41.01 1.7273 68.7
41.01 1.8 68.065
41.01 1.8727 67.484
41.01 1.9455 66.936
41.01 2.0182 66.4
41.01 2.0909 65.856
41.01 2.1636 65.299
41.01 2.2364 64.742
41.01 2.3091 64.217
41.01 2.3818 63.793
41.01 2.4545 63.426
41.01 2.5273 63.079
41.01 2.6 62.736
41.01 2.6727 62.393
41.01 2.7455 62.049
42.424 1 54.196
42.424 1.0727 58.469
42.424 1.1455 62.73
42.424 1.2182 66.233
42.424 1.2909 68.855
42.424 1.3636 70.42
42.424 1.4364 71.022
42.424 1.5091 70.935
42.424 1.5818 70.425
42.424 1.6545 69.722
42.424 1.7273 69.038
42.424 1.8 68.427
42.424 1.8727 67.855
42.424 1.9455 67.306
42.424 2.0182 66.768
42.424 2.0909 66.225
42.424 2.1636 65.67
42.424 2.2364 65.112
42.424 2.3091 64.586
42.424 2.3818 64.149
42.424 2.4545 63.769
42.424 2.5273 63.406
42.424 2.6 63.047
42.424 2.6727 62.686
42.424 2.7455 62.322
43.838 1 53.197
43.838 1.0727 57.771
43.838 1.1455 62.303
43.838 1.2182 65.983
43.838 1.2909 68.671
43.838 1.3636 70.288
43.838 1.4364 70.966
43.838 1.5091 70.989
43.838 1.5818 70.591
43.838 1.6545 69.979
43.838 1.7273 69.35
43.838 1.8 68.767
43.838 1.8727 68.207
43.838 1.9455 67.663
43.838 2.0182 67.127
43.838 2.0909 66.587
43.838 2.1636 66.035
43.838 2.2364 65.479
43.838 2.3091 64.954
43.838 2.3818 64.505
43.838 2.4545 64.111
43.838 2.5273 63.734
43.838 2.6 63.358
43.838 2.6727 62.979
43.838 2.7455 62.595
45.253 1 52.224
45.253 1.0727 57.11
45.253 1.1455 61.914
45.253 1.2182 65.751
45.253 1.2909 68.485
45.253 1.3636 70.132
45.253 1.4364 70.874
45.253 1.5091 71.005
45.253 1.5818 70.719
45.253 1.6545 70.202
45.253 1.7273 69.634
45.253 1.8 69.083
45.253 1.8727 68.54
45.253 1.9455 68.004
45.253 2.0182 67.474
45.253 2.0909 66.941
45.253 2.1636 66.394
45.253 2.2364 65.841
45.253 2.3091 65.319
45.253 2.3818 64.86
45.253 2.4545 64.452
45.253 2.5273 64.061
45.253 2.6 63.669
45.253 2.6727 63.271
45.253 2.7455 62.868
46.667 1 51.253
46.667 1.0727 56.493
46.667 1.1455 61.55
46.667 1.2182 65.527
46.667 1.2909 68.293
46.667 1.3636 69.955
46.667 1.4364 70.749
46.667 1.5091 70.985
46.667 1.5818 70.811
46.667 1.6545 70.392
46.667 1.7273 69.89
46.667 1.8 69.376
46.667 1.8727 68.855
46.667 1.9455 68.332
46.667 2.0182 67.811
46.667 2.0909 67.286
46.667 2.1636 66.746
46.667 2.2364 66.199
46.667 2.3091 65.679
46.667 2.3818 65.213
46.667 2.4545 64.792
46.667 2.5273 64.387
46.667 2.6 63.979
46.667 2.6727 63.562
46.667 2.7455 63.14
48.081 1 50.234
48.081 1.0727 55.917
48.081 1.1455 61.197
48.081 1.2182 65.3
48.081 1.2909 68.088
48.081 1.3636 69.759
48.081 1.4364 70.595
48.081 1.5091 70.933
48.081 1.5818 70.868
48.081 1.6545 70.547
48.081 1.7273 70.115
48.081 1.8 69.645
48.081 1.8727 69.151
48.081 1.9455 68.644
48.081 2.0182 68.136
48.081 2.0909 67.623
48.081 2.1636 67.091
48.081 2.2364 66.551
48.081 2.3091 66.034
48.081 2.3818 65.562
48.081 2.4545 65.129
48.081 2.5273 64.711
48.081 2.6 64.288
48.081 2.6727 63.853
48.081 2.7455 63.411
49.495 1 49.094
49.495 1.0727 55.358
49.495 1.1455 60.841
49.495 1.2182 65.06
49.495 1.2909 67.865
49.495 1.3636 69.542
49.495 1.4364 70.417
49.495 1.5091 70.85
49.495 1.5818 70.889
49.495 1.6545 70.668
49.495 1.7273 70.311
49.495 1.8 69.889
49.495 1.8727 69.427
49.495 1.9455 68.94
49.495 2.0182 68.449
49.495 2.0909 67.95
49.495 2.1636 67.428
49.495 2.2364 66.896
49.495 2.3091 66.383
49.495 2.3818 65.906
49.495 2.4545 65.464
49.495 2.5273 65.034
49.495 2.6 64.596
49.495 2.6727 64.143
49.495 2.7455 63.681
50.909 1 47.739
50.909 1.0727 54.769
50.909 1.1455 60.469
50.909 1.2182 64.793
50.909 1.2909 67.618
50.909 1.3636 69.305
50.909 1.4364 70.221
50.909 1.5091 70.738
50.909 1.5818 70.878
50.909 1.6545 70.755
50.909 1.7273 70.476
50.909 1.8 70.108
50.909 1.8727 69.684
50.909 1.9455 69.222
50.909 2.0182 68.751
50.909 2.0909 68.268
50.909 2.1636 67.757
50.909 2.2364 67.234
50.909 2.3091 66.724
50.909 2.3818 66.245
50.909 2.4545 65.795
50.909 2.5273 65.354
50.909 2.6 64.902
50.909 2.6727 64.433
50.909 2.7455 63.95
52.323 1 46.093
52.323 1.0727 54.1
52.323 1.1455 60.07
52.323 1.2182 64.49
52.323 1.2909 67.34
52.323 1.3636 69.044
52.323 1.4364 70.014
52.323 1.5091 70.598
52.323 1.5818 70.834
52.323 1.6545 70.808
52.323 1.7273 70.61
52.323 1.8 70.302
52.323 1.8727 69.921
52.323 1.9455 69.488
52.323 2.0182 69.04
52.323 2.0909 68.575
52.323 2.1636 68.077
52.323 2.2364 67.562
52.323 2.3091 67.058
52.323 2.3818 66.578
52.323 2.4545 66.122
52.323 2.5273 65.672
52.323 2.6 65.207
52.323 2.6727 64.72
52.323 2.7455 64.219
53.737 1 44.178
53.737 1.0727 53.324
53.737 1.1455 59.635
53.737 1.2182 64.148
53.737 1.2909 67.026
53.737 1.3636 68.755
53.737 1.4364 69.783
53.737 1.5091 70.43
53.737 1.5818 70.758
53.737 1.6545 70.829
53.737 1.7273 70.714
53.737 1.8 70.47
53.737 1.8727 70.137
53.737 1.9455 69.739
53.737 2.0182 69.317
53.737 2.0909 68.871
53.737 2.1636 68.386
53.737 2.2364 67.881
53.737 2.3091 67.382
53.737 2.3818 66.903
53.737 2.4545 66.444
53.737 2.5273 65.986
53.737 2.6 65.509
53.737 2.6727 65.007
53.737 2.7455 64.487
55.152 1 42.228
55.152 1.0727 52.441
55.152 1.1455 59.155
55.152 1.2182 63.764
55.152 1.2909 66.669
55.152 1.3636 68.434
55.152 1.4364 69.525
55.152 1.5091 70.235
55.152 1.5818 70.653
55.152 1.6545 70.818
55.152 1.7273 70.787
55.152 1.8 70.612
55.152 1.8727 70.331
55.152 1.9455 69.974
55.152 2.0182 69.581
55.152 2.0909 69.154
55.152 2.1636 68.684
55.152 2.2364 68.19
55.152 2.3091 67.697
55.152 2.3818 67.221
55.152 2.4545 66.76
55.152 2.5273 66.296
55.152 2.6 65.809
55.152 2.6727 65.292
55.152 2.7455 64.754
56.566 1 40.674
56.566 1.0727 51.484
56.566 1.1455 58.621
56.566 1.2182 63.334
56.566 1.2909 66.264
56.566 1.3636 68.078
56.566 1.4364 69.235
56.566 1.5091 70.013
56.566 1.5818 70.518
56.566 1.6545 70.776
56.566 1.7273 70.83
56.566 1.8 70.727
56.566 1.8727 70.504
56.566 1.9455 70.193
56.566 2.0182 69.831
56.566 2.0909 69.425
56.566 2.1636 68.97
56.566 2.2364 68.488
56.566 2.3091 68.002
56.566 2.3818 67.53
56.566 2.4545 67.069
56.566 2.5273 66.601
56.566 2.6 66.106
56.566 2.6727 65.575
56.566 2.7455 65.02
57.98 1 39.599
57.98 1.0727 50.504
57.98 1.1455 58.03
57.98 1.2182 62.85
57.98 1.2909 65.806
57.98 1.3636 67.68
57.98 1.4364 68.911
57.98 1.5091 69.764
57.98 1.5818 70.356
57.98 1.6545 70.705
57.98 1.7273 70.843
57.98 1.8 70.814
57.98 1.8727 70.655
57.98 1.9455 70.394
57.98 2.0182 70.065
57.98 2.0909 69.681
57.98 2.1636 69.244
57.98 2.2364 68.774
57.98 2.3091 68.297
57.98 2.3818 67.83
57.98 2.4545 67.371
57.98 2.5273 66.9
57.98 2.6 66.398
57.98 2.6727 65.857
57.98 2.7455 65.285
59.394 1 38.776
59.394 1.0727 49.544
59.394 1.1455 57.382
59.394 1.2182 62.305
59.394 1.2909 65.293
59.394 1.3636 67.239
59.394 1.4364 68.551
59.394 1.5091 69.488
59.394 1.5818 70.168
59.394 1.6545 70.604
59.394 1.7273 70.826
59.394 1.8 70.875
59.394 1.8727 70.782
59.394 1.9455 70.574
59.394 2.0182 70.282
59.394 2.0909 69.921
59.394 2.1636 69.503
59.394 2.2364 69.048
59.394 2.3091 68.581
59.394 2.3818 68.12
59.394 2.4545 67.665
59.394 2.5273 67.193
59.394 2.6 66.687
59.394 2.6727 66.136
59.394 2.7455 65.55
60.808 1 38.088
60.808 1.0727 48.626
60.808 1.1455 56.685
60.808 1.2182 61.696
60.808 1.2909 64.723
60.808 1.3636 66.75
60.808 1.4364 68.155
60.808 1.5091 69.185
60.808 1.5818 69.953
60.808 1.6545 70.475
60.808 1.7273 70.781
60.808 1.8 70.909
60.808 1.8727 70.886
60.808 1.9455 70.734
60.808 2.0182 70.48
60.808 2.0909 70.144
60.808 2.1636 69.747
60.808 2.2364 69.31
60.808 2.3091 68.853
60.808 2.3818 68.401
60.808 2.4545 67.951
60.808 2.5273 67.479
60.808 2.6 66.969
60.808 2.6727 66.412
60.808 2.7455 65.814
62.222 1 37.471
62.222 1.0727 47.752
62.222 1.1455 55.948
62.222 1.2182 61.02
62.222 1.2909 64.095
62.222 1.3636 66.211
62.222 1.4364 67.723
62.222 1.5091 68.856
62.222 1.5818 69.714
62.222 1.6545 70.32
62.222 1.7273 70.707
62.222 1.8 70.914
62.222 1.8727 70.964
62.222 1.9455 70.872
62.222 2.0182 70.658
62.222 2.0909 70.35
62.222 2.1636 69.975
62.222 2.2364 69.558
62.222 2.3091 69.114
62.222 2.3818 68.671
62.222 2.4545 68.227
62.222 2.5273 67.756
62.222 2.6 67.246
62.222 2.6727 66.686
62.222 2.7455 66.079
63.636 1 36.891
63.636 1.0727 46.906
63.636 1.1455 55.179
63.636 1.2182 60.278
63.636 1.2909 63.413
63.636 1.3636 65.622
63.636 1.4364 67.257
63.636 1.5091 68.502
63.636 1.5818 69.45
63.636 1.6545 70.137
63.636 1.7273 70.606
63.636 1.8 70.892
63.636 1.8727 71.018
63.636 1.9455 70.987
63.636 2.0182 70.815
63.636 2.0909 70.535
63.636 2.1636 70.187
63.636 2.2364 69.791
63.636 2.3091 69.363
63.636 2.3818 68.931
63.636 2.4545 68.492
63.636 2.5273 68.024
63.636 2.6 67.515
63.636 2.6727 66.956
63.636 2.7455 66.344
65.051 1 36.329
65.051 1.0727 46.066
65.051 1.1455 54.375
65.051 1.2182 59.476
65.051 1.2909 62.682
65.051 1.3636 64.991
65.051 1.4364 66.762
65.051 1.5091 68.124
65.051 1.5818 69.161
65.051 1.6545 69.929
65.051 1.7273 70.477
65.051 1.8 70.842
65.051 1.8727 71.045
65.051 1.9455 71.078
65.051 2.0182 70.948
65.051 2.0909 70.699
65.051 2.1636 70.38
65.051 2.2364 70.01
65.051 2.3091 69.601
65.051 2.3818 69.18
65.051 2.4545 68.747
65.051 2.5273 68.282
65.051 2.6 67.777
65.051 2.6727 67.222
65.051 2.7455 66.609
66.465 1 35.776
66.465 1.0727 45.213
66.465 1.1455 53.513
66.465 1.2182 58.621
66.465 1.2909 61.909
66.465 1.3636 64.328
66.465 1.4364 66.242
66.465 1.5091 67.724
66.465 1.5818 68.85
66.465 1.6545 69.696
66.465 1.7273 70.321
66.465 1.8 70.765
66.465 1.8727 71.044
66.465 1.9455 71.143
66.465 2.0182 71.057
66.465 2.0909 70.841
66.465 2.1636 70.554
66.465 2.2364 70.214
66.465 2.3091 69.827
66.465 2.3818 69.418
66.465 2.4545 68.99
66.465 2.5273 68.528
66.465 2.6 68.029
66.465 2.6727 67.482
66.465 2.7455 66.876
67.879 1 35.232
67.879 1.0727 44.336
67.879 1.1455 52.516
67.879 1.2182 57.729
67.879 1.2909 61.103
67.879 1.3636 63.64
67.879 1.4364 65.703
67.879 1.5091 67.302
67.879 1.5818 68.515
67.879 1.6545 69.439
67.879 1.7273 70.14
67.879 1.8 70.66
67.879 1.8727 71.015
67.879 1.9455 71.182
67.879 2.0182 71.139
67.879 2.0909 70.96
67.879 2.1636 70.709
67.879 2.2364 70.401
67.879 2.3091 70.039
67.879 2.3818 69.643
67.879 2.4545 69.22
67.879 2.5273 68.762
67.879 2.6 68.271
67.879 2.6727 67.738
67.879 2.7455 67.143
69.293 1 34.699
69.293 1.0727 43.434
69.293 1.1455 51.431
69.293 1.2182 56.815
69.293 1.2909 60.277
69.293 1.3636 62.939
69.293 1.4364 65.151
69.293 1.5091 66.86
69.293 1.5818 68.158
69.293 1.6545 69.158
69.293 1.7273 69.934
69.293 1.8 70.527
69.293 1.8727 70.956
69.293 1.9455 71.193
69.293 2.0182 71.193
69.293 2.0909 71.054
69.293 2.1636 70.843
69.293 2.2364 70.571
69.293 2.3091 70.236
69.293 2.3818 69.855
69.293 2.4545 69.436
69.293 2.5273 68.983
69.293 2.6 68.502
69.293 2.6727 67.986
69.293 2.7455 67.412
70.707 1 34.178
70.707 1.0727 42.518
70.707 1.1455 50.344
70.707 1.2182 55.895
70.707 1.2909 59.446
70.707 1.3636 62.238
70.707 1.4364 64.591
70.707 1.5091 66.399
70.707 1.5818 67.779
70.707 1.6545 68.854
70.707 1.7273 69.703
70.707 1.8 70.368
70.707 1.8727 70.867
70.707 1.9455 71.175
70.707 2.0182 71.218
70.707 2.0909 71.123
70.707 2.1636 70.956
70.707 2.2364 70.723
70.707 2.3091 70.418
70.707 2.3818 70.052
70.707 2.4545 69.638
70.707 2.5273 69.19
70.707 2.6 68.722
70.707 2.6727 68.227
70.707 2.7455 67.68
72.121 1 33.672
72.121 1.0727 41.608
72.121 1.1455 49.293
72.121 1.2182 54.988
72.121 1.2909 58.63
72.121 1.3636 61.55
72.121 1.4364 64.025
72.121 1.5091 65.921
72.121 1.5818 67.379
72.121 1.6545 68.529
72.121 1.7273 69.449
72.121 1.8 70.182
72.121 1.8727 70.747
72.121 1.9455 71.123
72.121 2.0182 71.213
72.121 2.0909 71.167
72.121 2.1636 71.047
72.121 2.2364 70.855
72.121 2.3091 70.582
72.121 2.3818 70.232
72.121 2.4545 69.824
72.121 2.5273 69.383
72.121 2.6 68.929
72.121 2.6727 68.458
72.121 2.7455 67.947
73.535 1 33.181
73.535 1.0727 40.746
73.535 1.1455 48.3
73.535 1.2182 54.11
73.535 1.2909 57.858
73.535 1.3636 60.889
73.535 1.4364 63.457
73.535 1.5091 65.427
73.535 1.5818 66.96
73.535 1.6545 68.183
73.535 1.7273 69.174
73.535 1.8 69.971
73.535 1.8727 70.596
73.535 1.9455 71.028
73.535 2.0182 71.178
73.535 2.0909 71.185
73.535 2.1636 71.114
73.535 2.2364 70.968
73.535 2.3091 70.729
73.535 2.3818 70.396
73.535 2.4545 69.993
73.535 2.5273 69.56
73.535 2.6 69.122
73.535 2.6727 68.68
73.535 2.7455 68.212
74.949 1 32.704
74.949 1.0727 40.016
74.949 1.1455 47.373
74.949 1.2182 53.273
74.949 1.2909 57.161
74.949 1.3636 60.266
74.949 1.4364 62.888
74.949 1.5091 64.919
74.949 1.5818 66.522
74.949 1.6545 67.819
74.949 1.7273 68.877
74.949 1.8 69.735
74.949 1.8727 70.416
74.949 1.9455 70.896
74.949 2.0182 71.113
74.949 2.0909 71.178
74.949 2.1636 71.157
74.949 2.2364 71.058
74.949 2.3091 70.856
74.949 2.3818 70.541
74.949 2.4545 70.145
74.949 2.5273 69.721
74.949 2.6 69.301
74.949 2.6727 68.892
74.949 2.7455 68.472
76.364 1 32.247
76.364 1.0727 39.365
76.364 1.1455 46.515
76.364 1.2182 52.484
76.364 1.2909 56.547
76.364 1.3636 59.681
76.364 1.4364 62.319
76.364 1.5091 64.398
76.364 1.5818 66.068
76.364 1.6545 67.437
76.364 1.7273 68.561
76.364 1.8 69.475
76.364 1.8727 70.207
76.364 1.9455 70.735
76.364 2.0182 71.02
76.364 2.0909 71.145
76.364 2.1636 71.177
76.364 2.2364 71.126
76.364 2.3091 70.963
76.364 2.3818 70.666
76.364 2.4545 70.278
76.364 2.5273 69.865
76.364 2.6 69.466
76.364 2.6727 69.091
76.364 2.7455 68.725
77.778 1 31.816
77.778 1.0727 38.768
77.778 1.1455 45.721
77.778 1.2182 51.742
77.778 1.2909 55.99
77.778 1.3636 59.128
77.778 1.4364 61.752
77.778 1.5091 63.867
77.778 1.5818 65.599
77.778 1.6545 67.039
77.778 1.7273 68.226
77.778 1.8 69.193
77.778 1.8727 69.972
77.778 1.9455 70.548
77.778 2.0182 70.9
77.778 2.0909 71.086
77.778 2.1636 71.171
77.778 2.2364 71.17
77.778 2.3091 71.048
77.778 2.3818 70.77
77.778 2.4545 70.392
77.778 2.5273 69.993
77.778 2.6 69.616
77.778 2.6727 69.277
77.778 2.7455 68.969
79.192 1 31.414
79.192 1.0727 38.21
79.192 1.1455 44.983
79.192 1.2182 51.041
79.192 1.2909 55.46
79.192 1.3636 58.593
79.192 1.4364 61.188
79.192 1.5091 63.328
79.192 1.5818 65.118
79.192 1.6545 66.627
79.192 1.7273 67.873
79.192 1.8 68.889
79.192 1.8727 69.711
79.192 1.9455 70.337
79.192 2.0182 70.755
79.192 2.0909 71.003
79.192 2.1636 71.14
79.192 2.2364 71.187
79.192 2.3091 71.11
79.192 2.3818 70.851
79.192 2.4545 70.486
79.192 2.5273 70.104
79.192 2.6 69.751
79.192 2.6727 69.449
79.192 2.7455 69.2
80.606 1 31.044
80.606 1.0727 37.684
80.606 1.1455 44.288
80.606 1.2182 50.362
80.606 1.2909 54.929
80.606 1.3636 58.06
80.606 1.4364 60.629
80.606 1.5091 62.784
80.606 1.5818 64.629
80.606 1.6545 66.203
80.606 1.7273 67.505
80.606 1.8 68.565
80.606 1.8727 69.429
80.606 1.9455 70.105
80.606 2.0182 70.587
80.606 2.0909 70.895
80.606 2.1636 71.083
80.606 2.2364 71.178
80.606 2.3091 71.147
80.606 2.3818 70.908
80.606 2.4545 70.559
80.606 2.5273 70.197
80.606 2.6 69.869
80.606 2.6727 69.605
80.606 2.7455 69.416
82.02 1 30.704
82.02 1.0727 37.184
82.02 1.1455 43.626
82.02 1.2182 49.684
82.02 1.2909 54.37
82.02 1.3636 57.518
82.02 1.4364 60.073
82.02 1.5091 62.236
82.02 1.5818 64.133
82.02 1.6545 65.769
82.02 1.7273 67.121
82.02 1.8 68.223
82.02 1.8727 69.126
82.02 1.9455 69.855
82.02 2.0182 70.398
82.02 2.0909 70.765
82.02 2.1636 71.002
82.02 2.2364 71.14
82.02 2.3091 71.155
82.02 2.3818 70.938
82.02 2.4545 70.612
82.02 2.5273 70.273
82.02 2.6 69.973
82.02 2.6727 69.746
82.02 2.7455 69.614
83.434 1 30.391
83.434 1.0727 36.706
83.434 1.1455 42.988
83.434 1.2182 48.989
83.434 1.2909 53.758
83.434 1.3636 56.96
83.434 1.4364 59.522
83.434 1.5091 61.689
83.434 1.5818 63.635
83.434 1.6545 65.324
83.434 1.7273 66.723
83.434 1.8 67.864
83.434 1.8727 68.806
83.434 1.9455 69.588
83.434 2.0182 70.19
83.434 2.0909 70.612
83.434 2.1636 70.895
83.434 2.2364 71.074
83.434 2.3091 71.129
83.434 2.3818 70.942
83.434 2.4545 70.644
83.434 2.5273 70.332
83.434 2.6 70.06
83.434 2.6727 69.87
83.434 2.7455 69.791
84.848 1 30.102
84.848 1.0727 36.249
84.848 1.1455 42.368
84.848 1.2182 48.27
84.848 1.2909 53.078
84.848 1.3636 56.381
84.848 1.4364 58.972
84.848 1.5091 61.146
84.848 1.5818 63.137
84.848 1.6545 64.872
84.848 1.7273 66.312
84.848 1.8 67.491
84.848 1.8727 68.471
84.848 1.9455 69.307
84.848 2.0182 69.964
84.848 2.0909 70.438
84.848 2.1636 70.765
84.848 2.2364 70.98
84.848 2.3091 71.063
84.848 2.3818 70.919
84.848 2.4545 70.656
84.848 2.5273 70.374
84.848 2.6 70.131
84.848 2.6727 69.977
84.848 2.7455 69.945
86.263 1 29.833
86.263 1.0727 35.81
86.263 1.1455 41.761
86.263 1.2182 47.533
86.263 1.2909 52.351
86.263 1.3636 55.781
86.263 1.4364 58.423
86.263 1.5091 60.613
86.263 1.5818 62.642
86.263 1.6545 64.412
86.263 1.7273 65.889
86.263 1.8 67.106
86.263 1.8727 68.124
86.263 1.9455 69.014
86.263 2.0182 69.723
86.263 2.0909 70.244
86.263 2.1636 70.61
86.263 2.2364 70.857
86.263 2.3091 70.967
86.263 2.3818 70.87
86.263 2.4545 70.647
86.263 2.5273 70.398
86.263 2.6 70.187
86.263 2.6727 70.066
86.263 2.7455 70.074
87.677 1 29.581
87.677 1.0727 35.389
87.677 1.1455 41.165
87.677 1.2182 46.789
87.677 1.2909 51.601
87.677 1.3636 55.159
87.677 1.4364 57.872
87.677 1.5091 60.103
87.677 1.5818 62.15
87.677 1.6545 63.945
87.677 1.7273 65.454
87.677 1.8 66.71
87.677 1.8727 67.769
87.677 1.9455 68.709
87.677 2.0182 69.466
87.677 2.0909 70.031
87.677 2.1636 70.433
87.677 2.2364 70.708
87.677 2.3091 70.844
87.677 2.3818 70.795
87.677 2.4545 70.617
87.677 2.5273 70.405
87.677 2.6 70.226
87.677 2.6727 70.138
87.677 2.7455 70.177
89.091 1 29.343
89.091 1.0727 34.983
89.091 1.1455 40.581
89.091 1.2182 46.051
89.091 1.2909 50.845
89.091 1.3636 54.517
89.091 1.4364 57.317
89.091 1.5091 59.604
89.091 1.5818 61.661
89.091 1.6545 63.473
89.091 1.7273 65.01
89.091 1.8 66.303
89.091 1.8727 67.411
89.091 1.9455 68.395
89.091 2.0182 69.196
89.091 2.0909 69.801
89.091 2.1636 70.234
89.091 2.2364 70.534
89.091 2.3091 70.698
89.091 2.3818 70.697
89.091 2.4545 70.568
89.091 2.5273 70.395
89.091 2.6 70.25
89.091 2.6727 70.192
89.091 2.7455 70.256
90.505 1 29.116
90.505 1.0727 34.591
90.505 1.1455 40.016
90.505 1.2182 45.331
90.505 1.2909 50.091
90.505 1.3636 53.859
90.505 1.4364 56.757
90.505 1.5091 59.106
90.505 1.5818 61.174
90.505 1.6545 62.995
90.505 1.7273 64.555
90.505 1.8 65.888
90.505 1.8727 67.047
90.505 1.9455 68.071
90.505 2.0182 68.913
90.505 2.0909 69.554
90.505 2.1636 70.015
90.505 2.2364 70.336
90.505 2.3091 70.53
90.505 2.3818 70.577
90.505 2.4545 70.498
90.505 2.5273 70.368
90.505 2.6 70.258
90.505 2.6727 70.229
90.505 2.7455 70.311
91.919 1 28.899
91.919 1.0727 34.212
91.919 1.1455 39.472
91.919 1.2182 44.635
91.919 1.2909 49.345
91.919 1.3636 53.19
91.919 1.4364 56.189
91.919 1.5091 58.603
91.919 1.5818 60.685
91.919 1.6545 62.512
91.919 1.7273 64.092
91.919 1.8 65.464
91.919 1.8727 66.675
91.919 1.9455 67.74
91.919 2.0182 68.618
91.919 2.0909 69.291
91.919 2.1636 69.777
91.919 2.2364 70.117
91.919 2.3091 70.344
91.919 2.3818 70.438
91.919 2.4545 70.409
91.919 2.5273 70.324
91.919 2.6 70.251
91.919 2.6727 70.248
91.919 2.7455 70.345
93.333 1 28.688
93.333 1.0727 33.845
93.333 1.1455 38.951
93.333 1.2182 43.968
93.333 1.2909 48.613
93.333 1.3636 52.512
93.333 1.4364 55.611
93.333 1.5091 58.091
93.333 1.5818 60.193
93.333 1.6545 62.025
93.333 1.7273 63.62
93.333 1.8 65.032
93.333 1.8727 66.296
93.333 1.9455 67.401
93.333 2.0182 68.311
93.333 2.0909 69.013
93.333 2.1636 69.521
93.333 2.2364 69.879
93.333 2.3091 70.14
93.333 2.3818 70.279
93.333 2.4545 70.302
93.333 2.5273 70.263
93.333 2.6 70.228
93.333 2.6727 70.252
93.333 2.7455 70.361
94.747 1 28.483
94.747 1.0727 33.488
94.747 1.1455 38.45
94.747 1.2182 43.327
94.747 1.2909 47.895
94.747 1.3636 51.828
94.747 1.4364 55.022
94.747 1.5091 57.565
94.747 1.5818 59.693
94.747 1.6545 61.533
94.747 1.7273 63.141
94.747 1.8 64.593
94.747 1.8727 65.911
94.747 1.9455 67.054
94.747 2.0182 67.994
94.747 2.0909 68.721
94.747 2.1636 69.251
94.747 2.2364 69.624
94.747 2.3091 69.92
94.747 2.3818 70.103
94.747 2.4545 70.176
94.747 2.5273 70.186
94.747 2.6 70.19
94.747 2.6727 70.239
94.747 2.7455 70.361
96.162 1 28.282
96.162 1.0727 33.141
96.162 1.1455 37.965
96.162 1.2182 42.709
96.162 1.2909 47.192
96.162 1.3636 51.142
96.162 1.4364 54.419
96.162 1.5091 57.023
96.162 1.5818 59.184
96.162 1.6545 61.036
96.162 1.7273 62.656
96.162 1.8 64.148
96.162 1.8727 65.519
96.162 1.9455 66.7
96.162 2.0182 67.666
96.162 2.0909 68.415
96.162 2.1636 68.965
96.162 2.2364 69.356
96.162 2.3091 69.686
96.162 2.3818 69.91
96.162 2.4545 70.033
96.162 2.5273 70.092
96.162 2.6 70.138
96.162 2.6727 70.213
96.162 2.7455 70.348
97.576 1 28.084
97.576 1.0727 32.803
97.576 1.1455 37.495
97.576 1.2182 42.11
97.576 1.2909 46.505
97.576 1.3636 50.454
97.576 1.4364 53.8
97.576 1.5091 56.462
97.576 1.5818 58.664
97.576 1.6545 60.535
97.576 1.7273 62.164
97.576 1.8 63.697
97.576 1.8727 65.121
97.576 1.9455 66.339
97.576 2.0182 67.328
97.576 2.0909 68.097
97.576 2.1636 68.667
97.576 2.2364 69.083
97.576 2.3091 69.438
97.576 2.3818 69.701
97.576 2.4545 69.872
97.576 2.5273 69.983
97.576 2.6 70.073
97.576 2.6727 70.175
97.576 2.7455 70.326
98.99 1 27.889
98.99 1.0727 32.473
98.99 1.1455 37.036
98.99 1.2182 41.528
98.99 1.2909 45.832
98.99 1.3636 49.765
98.99 1.4364 53.154
98.99 1.5091 55.881
98.99 1.5818 58.13
98.99 1.6545 60.027
98.99 1.7273 61.669
98.99 1.8 63.242
98.99 1.8727 64.718
98.99 1.9455 65.969
98.99 2.0182 66.98
98.99 2.0909 67.767
98.99 2.1636 68.355
98.99 2.2364 68.798
98.99 2.3091 69.176
98.99 2.3818 69.476
98.99 2.4545 69.695
98.99 2.5273 69.858
98.99 2.6 69.994
98.99 2.6727 70.127
98.99 2.7455 70.297
100.4 1 27.696
100.4 1.0727 32.15
100.4 1.1455 36.587
100.4 1.2182 40.96
100.4 1.2909 45.173
100.4 1.3636 49.075
100.4 1.4364 52.488
100.4 1.5091 55.279
100.4 1.5818 57.58
100.4 1.6545 59.512
100.4 1.7273 61.173
100.4 1.8 62.786
100.4 1.8727 64.309
100.4 1.9455 65.591
100.4 2.0182 66.623
100.4 2.0909 67.425
100.4 2.1636 68.031
100.4 2.2364 68.5
100.4 2.3091 68.901
100.4 2.3818 69.235
100.4 2.4545 69.502
100.4 2.5273 69.717
100.4 2.6 69.902
100.4 2.6727 70.071
100.4 2.7455 70.265
101.82 1 27.504
101.82 1.0727 31.833
101.82 1.1455 36.147
101.82 1.2182 40.404
101.82 1.2909 44.525
101.82 1.3636 48.387
101.82 1.4364 51.808
101.82 1.5091 54.657
101.82 1.5818 57.013
101.82 1.6545 58.988
101.82 1.7273 60.68
101.82 1.8 62.33
101.82 1.8727 63.892
101.82 1.9455 65.206
101.82 2.0182 66.256
101.82 2.0909 67.071
101.82 2.1636 67.694
101.82 2.2364 68.188
101.82 2.3091 68.612
101.82 2.3818 68.98
101.82 2.4545 69.293
101.82 2.5273 69.562
101.82 2.6 69.798
101.82 2.6727 70.009
101.82 2.7455 70.233
103.23 1 27.315
103.23 1.0727 31.521
103.23 1.1455 35.716
103.23 1.2182 39.859
103.23 1.2909 43.888
103.23 1.3636 47.7
103.23 1.4364 51.118
103.23 1.5091 54.014
103.23 1.5818 56.428
103.23 1.6545 58.452
103.23 1.7273 60.19
103.23 1.8 61.872
103.23 1.8727 63.467
103.23 1.9455 64.811
103.23 2.0182 65.881
103.23 2.0909 66.707
103.23 2.1636 67.345
103.23 2.2364 67.862
103.23 2.3091 68.31
103.23 2.3818 68.71
103.23 2.4545 69.069
103.23 2.5273 69.392
103.23 2.6 69.682
103.23 2.6727 69.94
103.23 2.7455 70.202
104.65 1 27.127
104.65 1.0727 31.214
104.65 1.1455 35.291
104.65 1.2182 39.324
104.65 1.2909 43.26
104.65 1.3636 47.015
104.65 1.4364 50.42
104.65 1.5091 53.352
104.65 1.5818 55.823
104.65 1.6545 57.903
104.65 1.7273 59.696
104.65 1.8 61.409
104.65 1.8727 63.032
104.65 1.9455 64.408
104.65 2.0182 65.496
104.65 2.0909 66.332
104.65 2.1636 66.983
104.65 2.2364 67.521
104.65 2.3091 67.993
104.65 2.3818 68.426
104.65 2.4545 68.83
104.65 2.5273 69.207
104.65 2.6 69.555
104.65 2.6727 69.866
104.65 2.7455 70.172
106.06 1 26.941
106.06 1.0727 30.911
106.06 1.1455 34.873
106.06 1.2182 38.798
106.06 1.2909 42.64
106.06 1.3636 46.333
106.06 1.4364 49.716
106.06 1.5091 52.673
106.06 1.5818 55.196
106.06 1.6545 57.336
106.06 1.7273 59.188
106.06 1.8 60.934
106.06 1.8727 62.585
106.06 1.9455 63.994
106.06 2.0182 65.104
106.06 2.0909 65.945
106.06 2.1636 66.608
106.06 2.2364 67.166
106.06 2.3091 67.662
106.06 2.3818 68.128
106.06 2.4545 68.577
106.06 2.5273 69.009
106.06 2.6 69.417
106.06 2.6727 69.786
106.06 2.7455 70.139
107.47 1 26.756
107.47 1.0727 30.612
107.47 1.1455 34.461
107.47 1.2182 38.28
107.47 1.2909 42.028
107.47 1.3636 45.654
107.47 1.4364 49.007
107.47 1.5091 51.977
107.47 1.5818 54.546
107.47 1.6545 56.749
107.47 1.7273 58.659
107.47 1.8 60.442
107.47 1.8727 62.124
107.47 1.9455 63.57
107.47 2.0182 64.702
107.47 2.0909 65.549
107.47 2.1636 66.22
107.47 2.2364 66.796
107.47 2.3091 67.316
107.47 2.3818 67.815
107.47 2.4545 68.31
107.47 2.5273 68.798
107.47 2.6 69.269
107.47 2.6727 69.699
107.47 2.7455 70.103
108.89 1 26.573
108.89 1.0727 30.316
108.89 1.1455 34.054
108.89 1.2182 37.768
108.89 1.2909 41.426
108.89 1.3636 44.978
108.89 1.4364 48.292
108.89 1.5091 51.265
108.89 1.5818 53.872
108.89 1.6545 56.138
108.89 1.7273 58.103
108.89 1.8 59.926
108.89 1.8727 61.646
108.89 1.9455 63.133
108.89 2.0182 64.292
108.89 2.0909 65.142
108.89 2.1636 65.818
108.89 2.2364 66.411
108.89 2.3091 66.955
108.89 2.3818 67.489
108.89 2.4545 68.03
108.89 2.5273 68.575
108.89 2.6 69.11
108.89 2.6727 69.605
108.89 2.7455 70.064
110.3 1 26.392
110.3 1.0727 30.023
110.3 1.1455 33.651
110.3 1.2182 37.262
110.3 1.2909 40.829
110.3 1.3636 44.305
110.3 1.4364 47.573
110.3 1.5091 50.537
110.3 1.5818 53.171
110.3 1.6545 55.498
110.3 1.7273 57.514
110.3 1.8 59.382
110.3 1.8727 61.147
110.3 1.9455 62.682
110.3 2.0182 63.872
110.3 2.0909 64.725
110.3 2.1636 65.404
110.3 2.2364 66.011
110.3 2.3091 66.58
110.3 2.3818 67.15
110.3 2.4545 67.737
110.3 2.5273 68.339
110.3 2.6 68.94
110.3 2.6727 69.502
110.3 2.7455 70.02
111.72 1 26.212
111.72 1.0727 29.733
111.72 1.1455 33.252
111.72 1.2182 36.76
111.72 1.2909 40.237
111.72 1.3636 43.634
111.72 1.4364 46.848
111.72 1.5091 49.794
111.72 1.5818 52.443
111.72 1.6545 54.821
111.72 1.7273 56.887
111.72 1.8 58.806
111.72 1.8727 60.624
111.72 1.9455 62.215
111.72 2.0182 63.441
111.72 2.0909 64.299
111.72 2.1636 64.978
111.72 2.2364 65.596
111.72 2.3091 66.19
111.72 2.3818 66.797
111.72 2.4545 67.432
111.72 2.5273 68.092
111.72 2.6 68.759
111.72 2.6727 69.39
111.72 2.7455 69.973
113.13 1 26.034
113.13 1.0727 29.446
113.13 1.1455 32.857
113.13 1.2182 36.262
113.13 1.2909 39.646
113.13 1.3636 42.963
113.13 1.4364 46.119
113.13 1.5091 49.034
113.13 1.5818 51.688
113.13 1.6545 54.099
113.13 1.7273 56.221
113.13 1.8 58.196
113.13 1.8727 60.072
113.13 1.9455 61.728
113.13 2.0182 62.997
113.13 2.0909 63.865
113.13 2.1636 64.539
113.13 2.2364 65.167
113.13 2.3091 65.786
113.13 2.3818 66.431
113.13 2.4545 67.116
113.13 2.5273 67.835
113.13 2.6 68.568
113.13 2.6727 69.269
113.13 2.7455 69.92
114.55 1 25.858
114.55 1.0727 29.161
114.55 1.1455 32.465
114.55 1.2182 35.767
114.55 1.2909 39.056
114.55 1.3636 42.29
114.55 1.4364 45.384
114.55 1.5091 48.259
114.55 1.5818 50.903
114.55 1.6545 53.334
114.55 1.7273 55.514
114.55 1.8 57.549
114.55 1.8727 59.489
114.55 1.9455 61.219
114.55 2.0182 62.538
114.55 2.0909 63.416
114.55 2.1636 64.086
114.55 2.2364 64.722
114.55 2.3091 65.369
114.55 2.3818 66.054
114.55 2.4545 66.789
114.55 2.5273 67.568
114.55 2.6 68.366
114.55 2.6727 69.138
114.55 2.7455 69.863
115.96 1 25.684
115.96 1.0727 28.878
115.96 1.1455 32.075
115.96 1.2182 35.274
115.96 1.2909 38.467
115.96 1.3636 41.616
115.96 1.4364 44.642
115.96 1.5091 47.466
115.96 1.5818 50.09
115.96 1.6545 52.531
115.96 1.7273 54.764
115.96 1.8 56.862
115.96 1.8727 58.87
115.96 1.9455 60.683
115.96 2.0182 62.061
115.96 2.0909 62.949
115.96 2.1636 63.617
115.96 2.2364 64.263
115.96 2.3091 64.937
115.96 2.3818 65.664
115.96 2.4545 66.452
115.96 2.5273 67.292
115.96 2.6 68.156
115.96 2.6727 68.999
115.96 2.7455 69.802
117.37 1 25.512
117.37 1.0727 28.598
117.37 1.1455 31.687
117.37 1.2182 34.782
117.37 1.2909 37.876
117.37 1.3636 40.937
117.37 1.4364 43.892
117.37 1.5091 46.656
117.37 1.5818 49.247
117.37 1.6545 51.692
117.37 1.7273 53.974
117.37 1.8 56.136
117.37 1.8727 58.214
117.37 1.9455 60.114
117.37 2.0182 61.562
117.37 2.0909 62.457
117.37 2.1636 63.13
117.37 2.2364 63.789
117.37 2.3091 64.493
117.37 2.3818 65.264
117.37 2.4545 66.106
117.37 2.5273 67.008
117.37 2.6 67.939
117.37 2.6727 68.854
117.37 2.7455 69.736
118.79 1 25.341
118.79 1.0727 28.32
118.79 1.1455 31.302
118.79 1.2182 34.291
118.79 1.2909 37.284
118.79 1.3636 40.253
118.79 1.4364 43.133
118.79 1.5091 45.827
118.79 1.5818 48.376
118.79 1.6545 50.819
118.79 1.7273 53.143
118.79 1.8 55.369
118.79 1.8727 57.517
118.79 1.9455 59.506
118.79 2.0182 61.033
118.79 2.0909 61.938
118.79 2.1636 62.625
118.79 2.2364 63.301
118.79 2.3091 64.037
118.79 2.3818 64.853
118.79 2.4545 65.753
118.79 2.5273 66.717
118.79 2.6 67.715
118.79 2.6727 68.704
118.79 2.7455 69.666
120.2 1 25.173
120.2 1.0727 28.043
120.2 1.1455 30.918
120.2 1.2182 33.801
120.2 1.2909 36.69
120.2 1.3636 39.563
120.2 1.4364 42.363
120.2 1.5091 44.977
120.2 1.5818 47.477
120.2 1.6545 49.913
120.2 1.7273 52.274
120.2 1.8 54.562
120.2 1.8727 56.779
120.2 1.9455 58.853
120.2 2.0182 60.466
120.2 2.0909 61.39
120.2 2.1636 62.1
120.2 2.2364 62.8
120.2 2.3091 63.568
120.2 2.3818 64.433
120.2 2.4545 65.392
120.2 2.5273 66.421
120.2 2.6 67.487
120.2 2.6727 68.55
120.2 2.7455 69.592
121.62 1 25.007
121.62 1.0727 27.769
121.62 1.1455 30.535
121.62 1.2182 33.311
121.62 1.2909 36.093
121.62 1.3636 38.865
121.62 1.4364 41.578
121.62 1.5091 44.107
121.62 1.5818 46.552
121.62 1.6545 48.975
121.62 1.7273 51.368
121.62 1.8 53.713
121.62 1.8727 56
121.62 1.9455 58.151
121.62 2.0182 59.844
121.62 2.0909 60.81
121.62 2.1636 61.557
121.62 2.2364 62.284
121.62 2.3091 63.089
121.62 2.3818 64.004
121.62 2.4545 65.026
121.62 2.5273 66.12
121.62 2.6 67.255
121.62 2.6727 68.392
121.62 2.7455 69.514
123.03 1 24.843
123.03 1.0727 27.496
123.03 1.1455 30.154
123.03 1.2182 32.82
123.03 1.2909 35.494
123.03 1.3636 38.16
123.03 1.4364 40.772
123.03 1.5091 43.216
123.03 1.5818 45.602
123.03 1.6545 48.008
123.03 1.7273 50.425
123.03 1.8 52.825
123.03 1.8727 55.179
123.03 1.9455 57.398
123.03 2.0182 59.154
123.03 2.0909 60.2
123.03 2.1636 60.996
123.03 2.2364 61.756
123.03 2.3091 62.599
123.03 2.3818 63.568
123.03 2.4545 64.654
123.03 2.5273 65.815
123.03 2.6 67.02
123.03 2.6727 68.232
123.03 2.7455 69.434
124.44 1 24.681
124.44 1.0727 27.225
124.44 1.1455 29.773
124.44 1.2182 32.33
124.44 1.2909 34.893
124.44 1.3636 37.447
124.44 1.4364 39.948
124.44 1.5091 42.307
124.44 1.5818 44.629
124.44 1.6545 47.011
124.44 1.7273 49.448
124.44 1.8 51.898
124.44 1.8727 54.318
124.44 1.9455 56.597
124.44 2.0182 58.41
124.44 2.0909 59.56
124.44 2.1636 60.417
124.44 2.2364 61.216
124.44 2.3091 62.1
124.44 2.3818 63.125
124.44 2.4545 64.278
124.44 2.5273 65.509
124.44 2.6 66.783
124.44 2.6727 68.069
124.44 2.7455 69.351
125.86 1 24.521
125.86 1.0727 26.955
125.86 1.1455 29.393
125.86 1.2182 31.838
125.86 1.2909 34.288
125.86 1.3636 36.727
125.86 1.4364 39.11
125.86 1.5091 41.38
125.86 1.5818 43.633
125.86 1.6545 45.986
125.86 1.7273 48.437
125.86 1.8 50.934
125.86 1.8727 53.417
125.86 1.9455 55.753
125.86 2.0182 57.629
125.86 2.0909 58.893
125.86 2.1636 59.821
125.86 2.2364 60.665
125.86 2.3091 61.592
125.86 2.3818 62.678
125.86 2.4545 63.899
125.86 2.5273 65.199
125.86 2.6 66.543
125.86 2.6727 67.904
125.86 2.7455 69.265
127.27 1 24.362
127.27 1.0727 26.686
127.27 1.1455 29.014
127.27 1.2182 31.346
127.27 1.2909 33.68
127.27 1.3636 36.001
127.27 1.4364 38.264
127.27 1.5091 40.439
127.27 1.5818 42.619
127.27 1.6545 44.935
127.27 1.7273 47.392
127.27 1.8 49.932
127.27 1.8727 52.48
127.27 1.9455 54.874
127.27 2.0182 56.822
127.27 2.0909 58.2
127.27 2.1636 59.211
127.27 2.2364 60.105
127.27 2.3091 61.077
127.27 2.3818 62.227
127.27 2.4545 63.518
127.27 2.5273 64.888
127.27 2.6 66.302
127.27 2.6727 67.738
127.27 2.7455 69.178
128.69 1 24.205
128.69 1.0727 26.419
128.69 1.1455 28.635
128.69 1.2182 30.853
128.69 1.2909 33.07
128.69 1.3636 35.269
128.69 1.4364 37.412
128.69 1.5091 39.488
128.69 1.5818 41.587
128.69 1.6545 43.859
128.69 1.7273 46.314
128.69 1.8 48.896
128.69 1.8727 51.509
128.69 1.9455 53.966
128.69 2.0182 55.994
128.69 2.0909 57.485
128.69 2.1636 58.588
128.69 2.2364 59.538
128.69 2.3091 60.556
128.69 2.3818 61.774
128.69 2.4545 63.135
128.69 2.5273 64.574
128.69 2.6 66.06
128.69 2.6727 67.571
128.69 2.7455 69.089
130.1 1 24.05
130.1 1.0727 26.152
130.1 1.1455 28.256
130.1 1.2182 30.359
130.1 1.2909 32.457
130.1 1.3636 34.532
130.1 1.4364 36.554
130.1 1.5091 38.528
130.1 1.5818 40.542
130.1 1.6545 42.759
130.1 1.7273 45.206
130.1 1.8 47.826
130.1 1.8727 50.509
130.1 1.9455 53.037
130.1 2.0182 55.151
130.1 2.0909 56.754
130.1 2.1636 57.952
130.1 2.2364 58.966
130.1 2.3091 60.033
130.1 2.3818 61.321
130.1 2.4545 62.751
130.1 2.5273 64.259
130.1 2.6 65.817
130.1 2.6727 67.402
130.1 2.7455 68.998
131.52 1 23.895
131.52 1.0727 25.886
131.52 1.1455 27.877
131.52 1.2182 29.865
131.52 1.2909 31.842
131.52 1.3636 33.792
131.52 1.4364 35.694
131.52 1.5091 37.563
131.52 1.5818 39.489
131.52 1.6545 41.639
131.52 1.7273 44.066
131.52 1.8 46.725
131.52 1.8727 49.484
131.52 1.9455 52.091
131.52 2.0182 54.297
131.52 2.0909 56.009
131.52 2.1636 57.307
131.52 2.2364 58.392
131.52 2.3091 59.509
131.52 2.3818 60.869
131.52 2.4545 62.366
131.52 2.5273 63.943
131.52 2.6 65.572
131.52 2.6727 67.233
131.52 2.7455 68.907
132.93 1 23.741
132.93 1.0727 25.621
132.93 1.1455 27.499
132.93 1.2182 29.37
132.93 1.2909 31.225
132.93 1.3636 33.049
132.93 1.4364 34.831
132.93 1.5091 36.595
132.93 1.5818 38.43
132.93 1.6545 40.499
132.93 1.7273 42.896
132.93 1.8 45.596
132.93 1.8727 48.438
132.93 1.9455 51.133
132.93 2.0182 53.434
132.93 2.0909 55.254
132.93 2.1636 56.654
132.93 2.2364 57.817
132.93 2.3091 58.991
132.93 2.3818 60.419
132.93 2.4545 61.98
132.93 2.5273 63.625
132.93 2.6 65.327
132.93 2.6727 67.063
132.93 2.7455 68.815
134.34 1 23.589
134.34 1.0727 25.356
134.34 1.1455 27.12
134.34 1.2182 28.874
134.34 1.2909 30.607
134.34 1.3636 32.305
134.34 1.4364 33.967
134.34 1.5091 35.624
134.34 1.5818 37.366
134.34 1.6545 39.344
134.34 1.7273 41.698
134.34 1.8 44.442
134.34 1.8727 47.378
134.34 1.9455 50.167
134.34 2.0182 52.566
134.34 2.0909 54.492
134.34 2.1636 55.996
134.34 2.2364 57.244
134.34 2.3091 58.49
134.34 2.3818 59.971
134.34 2.4545 61.593
134.34 2.5273 63.307
134.34 2.6 65.082
134.34 2.6727 66.893
134.34 2.7455 68.722
135.76 1 23.436
135.76 1.0727 25.092
135.76 1.1455 26.742
135.76 1.2182 28.378
135.76 1.2909 29.987
135.76 1.3636 31.559
135.76 1.4364 33.101
135.76 1.5091 34.652
135.76 1.5818 36.297
135.76 1.6545 38.176
135.76 1.7273 40.473
135.76 1.8 43.267
135.76 1.8727 46.307
135.76 1.9455 49.196
135.76 2.0182 51.695
135.76 2.0909 53.726
135.76 2.1636 55.332
135.76 2.2364 56.671
135.76 2.3091 57.997
135.76 2.3818 59.525
135.76 2.4545 61.207
135.76 2.5273 62.988
135.76 2.6 64.836
135.76 2.6727 66.723
135.76 2.7455 68.628
137.17 1 23.284
137.17 1.0727 24.827
137.17 1.1455 26.364
137.17 1.2182 27.881
137.17 1.2909 29.367
137.17 1.3636 30.813
137.17 1.4364 32.236
137.17 1.5091 33.68
137.17 1.5818 35.226
137.17 1.6545 36.999
137.17 1.7273 39.221
137.17 1.8 42.078
137.17 1.8727 45.23
137.17 1.9455 48.221
137.17 2.0182 50.821
137.17 2.0909 52.957
137.17 2.1636 54.667
137.17 2.2364 56.101
137.17 2.3091 57.507
137.17 2.3818 59.082
137.17 2.4545 60.82
137.17 2.5273 62.669
137.17 2.6 64.59
137.17 2.6727 66.552
137.17 2.7455 68.535
138.59 1 23.133
138.59 1.0727 24.563
138.59 1.1455 25.985
138.59 1.2182 27.385
138.59 1.2909 28.746
138.59 1.3636 30.067
138.59 1.4364 31.37
138.59 1.5091 32.708
138.59 1.5818 34.153
138.59 1.6545 35.818
138.59 1.7273 37.948
138.59 1.8 40.88
138.59 1.8727 44.149
138.59 1.9455 47.245
138.59 2.0182 49.947
138.59 2.0909 52.186
138.59 2.1636 53.999
138.59 2.2364 55.532
138.59 2.3091 57.017
138.59 2.3818 58.64
138.59 2.4545 60.433
138.59 2.5273 62.349
138.59 2.6 64.343
138.59 2.6727 66.382
138.59 2.7455 68.441
140 1 22.981
140 1.0727 24.299
140 1.1455 25.607
140 1.2182 26.888
140 1.2909 28.125
140 1.3636 29.32
140 1.4364 30.505
140 1.5091 31.735
140 1.5818 33.079
140 1.6545 34.635
140 1.7273 36.658
140 1.8 39.678
140 1.8727 43.067
140 1.9455 46.268
140 2.0182 49.072
140 2.0909 51.416
140 2.1636 53.332
140 2.2364 54.963
140 2.3091 56.528
140 2.3818 58.199
140 2.4545 60.046
140 2.5273 62.03
140 2.6 64.097
140 2.6727 66.211
140 2.7455 68.348
