#0.41355818633808            170.00000000000             0,1,0,0,0;Isobar p=0.1
#0.44194423543914            174.12500000000             1
#0.46969326932751            178.25000000000             1
#0.49685525547825            182.37500000000             1
#0.52347318202382            186.50000000000             1
#0.54958443598798            190.62500000000             1
#0.57522188058791            194.75000000000             1
#0.60041470255243            198.87500000000             1
#0.62518908290964            203.00000000000             1
#0.64956873173976            207.12500000000             1
#0.67357531774505            211.25000000000             1
#0.69722881627910            215.37500000000             1
#0.72054779406930            219.50000000000             1
#0.74354964479627            223.62500000000             1
#0.76625078662918            227.75000000000             1
#0.78866683051018            231.87500000000             1
#0.81081272625636            236.00000000000             1
#0.83270289227509            240.12500000000             1
#0.85435133377543            244.25000000000             1
1.1000000000000             246.78881174998             1
1.7474929739641             246.78881174998             1
1.7525748687662             248.37500000000             1
1.7656508892888             252.50000000000             1
1.7785492760009             256.62500000000             1
1.7912932922956             260.75000000000             1
1.8039001146760             264.87500000000             1
1.8163828145023             269.00000000000             1
1.8287516255156             273.12500000000             1
1.8410147711672             277.25000000000             1
1.8531790156625             281.37500000000             1
1.8652500385130             285.50000000000             1
1.8772326943687             289.62500000000             1
1.8891311969701             293.75000000000             1
1.9009492520283             297.87500000000             1
1.9126901551195             302.00000000000             1
1.9243568651887             306.12500000000             1
1.9359520607493             310.25000000000             1
1.9474781835927             314.37500000000             1
1.9589374733281             318.50000000000             1
1.9703319950821             322.62500000000             1
1.9816636620131             326.75000000000             1
1.9929342538376             330.87500000000             1
2.0041454322468             335.00000000000             1
2.0152987538647             339.12500000000             1
2.0263956812406             343.25000000000             1
2.0374375922519             347.37500000000             1
2.0484257882069             351.50000000000             1
2.0593615008762             355.62500000000             1
2.0702458986310             359.75000000000             1
2.0810800918340             363.87500000000             1
2.0918651375956             368.00000000000             1
2.1026020439936             372.12500000000             1
2.1132917738296             376.25000000000             1
2.1239352479897             380.37500000000             1
2.1345333484598             384.50000000000             1
2.1450869210422             388.62500000000             1
2.1555967778093             392.75000000000             1
2.1660636993284             396.87500000000             1
#2.1764884366829             401.00000000000             1
#2.1868717133138             405.12500000000             1
#2.1972142267026             409.25000000000             1
#2.2075166499112             413.37500000000             1
#2.2177796329955             417.50000000000             1
#2.2280038043048             421.62500000000             1
#2.2381897716797             425.75000000000             1
#2.2483381235562             429.87500000000             1
#2.2584494299887             434.00000000000             1
#2.2685242435959             438.12500000000             1
#2.2785631004396             442.25000000000             1
#2.2885665208402             446.37500000000             1
#2.2985350101370             450.50000000000             1
#2.3084690593953             454.62500000000             1
#2.3183691460679             458.75000000000             1
#2.3282357346121             462.87500000000             1
#2.3380692770676             467.00000000000             1
#2.3478702135981             471.12500000000             1
#2.3576389729994             475.25000000000             1
#2.3673759731759             479.37500000000             1
#2.3770816215899             483.50000000000             1
#2.3867563156832             487.62500000000             1
#2.3964004432760             491.75000000000             1
#2.4060143829411             495.87500000000             1
#2.4155985043597             500.00000000000             1

