1.9630493045369             170.00000000000             0,1,0,0,0;Vapor Saturation Line
1.9488159351429             172.55262500000             1
1.9353214695545             175.10525000000             1
1.9225285435524             177.65787500000             1
1.9104019416176             180.21050000000             1
1.8989084237811             182.76312500000             1
1.8880165703803             185.31575000000             1
1.8776966429203             187.86837500000             1
1.8679204594154             190.42100000000             1
1.8586612827435             192.97362500000             1
1.8498937206646             195.52625000000             1
1.8415936362670             198.07887500000             1
1.8337380676906             200.63150000000             1
1.8263051560635             203.18412500000             1
1.8192740806608             205.73675000000             1
1.8126250003662             208.28937500000             1
1.8063390005909             210.84200000000             1
1.8003980448698             213.39462500000             1
1.7947849304299             215.94725000000             1
1.7894832470953             218.49987500000             1
1.7844773389638             221.05250000000             1
1.7797522683638             223.60512500000             1
1.7752937816661             226.15775000000             1
1.7710882765939             228.71037500000             1
1.7671227707350             231.26300000000             1
1.7633848710192             233.81562500000             1
1.7598627439734             236.36825000000             1
1.7565450866145             238.92087500000             1
1.7534210978756             241.47350000000             1
1.7504804504946             244.02612500000             1
1.7477132633181             246.57875000000             1
1.7451100739887             249.13137500000             1
1.7426618120012             251.68400000000             1
1.7403597721114             254.23662500000             1
1.7381955880893             256.78925000000             1
1.7361612067993             259.34187500000             1
1.7342488625864             261.89450000000             1
1.7324510519323             264.44712500000             1
1.7307605083352             266.99975000000             1
1.7291701773469             269.55237500000             1
1.7276731916819             272.10500000000             1
1.7262628462919             274.65762500000             1
1.7249325732715             277.21025000000             1
1.7236759164335             279.76287500000             1
1.7224865053582             282.31550000000             1
1.7213580286842             284.86812500000             1
1.7202842063604             287.42075000000             1
1.7192587605303             289.97337500000             1
1.7182753846521             292.52600000000             1
1.7173277103832             295.07862500000             1
1.7164092716604             297.63125000000             1
1.7155134652925             300.18387500000             1
1.7146335072277             302.73650000000             1
1.7137623834754             305.28912500000             1
1.7128927944172             307.84175000000             1
1.7120170909312             310.39437500000             1
1.7111272003460             312.94700000000             1
1.7102145397072             315.49962500000             1
1.7092699131209             318.05225000000             1
1.7082833889790             320.60487500000             1
1.7072441515584             323.15750000000             1
1.7061403196673             325.71012500000             1
1.7049587224668             328.26275000000             1
1.7036846189582             330.81537500000             1
1.7023013423419             333.36800000000             1
1.7007898426242             335.92062500000             1
1.6991280889677             338.47325000000             1
1.6972902748026             341.02587500000             1
1.6952457391344             343.57850000000             1
1.6929574685414             346.13112500000             1
1.6903799602850             348.68375000000             1
1.6874560760754             351.23637500000             1
1.6841122309411             353.78900000000             1
1.6802506887018             356.34162500000             1
1.6757364940230             358.89425000000             1
1.6703736141928             361.44687500000             1
1.6638569003807             363.99950000000             1
1.6556610908478             366.55212500000             1
1.6447239523848             369.10475000000             1
1.6281135566789             371.65737500000             1
1.6233526382303             372.16790000000             1
1.6176220741344             372.67842500000             1
1.6102816849089             373.18895000000             1
1.5995294165687             373.69947500000             1
1.5620990795193             374.21000000000             1
1.5620990795193             374.21000000000             1

