0.43994268172676            174.12500000000             0,1,0,0,0;Isobar p=2.0
0.46765703924000            178.25000000000             1
0.49478282053676            182.37500000000             1
0.52136288686710            186.50000000000             1
0.54743448993115            190.62500000000             1
0.57303034738307            194.75000000000             1
0.59817948822643            198.87500000000             1
0.62290792150260            203.00000000000             1
0.64723916871005            207.12500000000             1
0.67119469074038            211.25000000000             1
0.69479423289623            215.37500000000             1
0.71805610613240            219.50000000000             1
0.74099741857294            223.62500000000             1
0.76363426826567            227.75000000000             1
0.78598190579699            231.87500000000             1
0.80805487362099            236.00000000000             1
0.82986712762588            240.12500000000             1
0.85143214547106            244.25000000000             1
0.87276302550813            248.37500000000             1
0.89387257960208            252.50000000000             1
0.91477342286132            256.62500000000             1
0.93547806315107            260.75000000000             1
0.95599899330166            264.87500000000             1
0.97634878914344            269.00000000000             1
0.99654021693612            273.12500000000             1
1.0165863544669             277.25000000000             1
1.0365007311623             281.37500000000             1
1.0562974941377             285.50000000000             1
1.0759916094271             289.62500000000             1
1.0955991110612             293.75000000000             1
1.1151374157984             297.87500000000             1
1.1346257291595             302.00000000000             1
1.1540855807062             306.12500000000             1
1.1735415463019             310.25000000000             1
1.1930222480906             314.37500000000             1
1.2125617801224             318.50000000000             1
1.2322018113461             322.62500000000             1
1.2519948166370             326.75000000000             1
1.2720092937609             330.87500000000             1
1.2923387282812             335.00000000000             1
1.3131182943943             339.12500000000             1
1.3208535254288             340.63075060198             1
1.6975874383021             340.63075060198             1
1.7090680402887             343.25000000000             1
1.7260011433037             347.37500000000             1
1.7419101014685             351.50000000000             1
1.7570614636938             355.62500000000             1
1.7716238462636             359.75000000000             1
1.7857111705894             363.87500000000             1
1.7994043195431             368.00000000000             1
1.8127630106331             372.12500000000             1
1.8258327598748             376.25000000000             1
1.8386491873322             380.37500000000             1
1.8512407952237             384.50000000000             1
1.8636308254411             388.62500000000             1
1.8758385398567             392.75000000000             1
1.8878801264042             396.87500000000             1
1.8997693554232             401.00000000000             1
1.9115180650684             405.12500000000             1
1.9231365270501             409.25000000000             1
1.9346337268833             413.37500000000             1
1.9460175819259             417.50000000000             1
1.9572951133831             421.62500000000             1
1.9684725837174             425.75000000000             1
1.9795556076913             429.87500000000             1
1.9905492430475             434.00000000000             1
2.0014580652741             438.12500000000             1
2.0122862297882             442.25000000000             1
2.0230375240728             446.37500000000             1
2.0337154117106             450.50000000000             1
2.0443230698265             454.62500000000             1
2.0548634211224             458.75000000000             1
2.0653391614423             462.87500000000             1
2.0757527836158             467.00000000000             1
2.0861065981831             471.12500000000             1
2.0964027514912             475.25000000000             1
2.1066432415591             479.37500000000             1
2.1168299320434             483.50000000000             1
2.1269645645742             487.62500000000             1
2.1370487696904             491.75000000000             1
2.1470840765625             495.87500000000             1
2.1570719216634             500.00000000000             1
