1.4145411581973             245.91922772771             1
1.4079336438138             248.92547825365             1
1.4015496364083             251.98793275503             1
1.3953967172398             255.10493681281             1
1.3894821918128             258.27432683848             1
1.3838129803071             261.49337675128             1
1.3783954960117             264.75874649416             1
1.3732473630967             268.05859568499             1
1.3683394395462             271.41074031230             1
1.3637085033165             274.78816399127             1
1.3593456071824             278.19280317405             1
1.3552553351402             281.61556005048             1
1.3514365111806             285.05004417852             1
1.3478934818693             288.48256703801             1
1.3446177682314             291.90935085607             1
1.3416080797780             295.31758239977             1
1.3388591637198             298.69588258096             1
1.3363642137108             302.03210482824             1
1.3341123972608             305.31722132355             1
1.3320965139727             308.53453964165             1
1.3303038127746             311.67313791227             1
1.3287214915365             314.72055470938             1
1.3273348260764             317.66665537460             1
1.3261299925418             320.49852880924             1
1.3250913861406             323.20677325578             1
1.3248424392405             323.90149312325             1
1.3246039436179             324.58622850520             1
1.3243753828042             325.26147535027             1
1.3241564700866             325.92710789621             1
1.3239469199728             326.58300876055             1
1.3237464484427             327.22906950832             1
1.3235547731853             327.86519128447             1
1.3233716138670             328.49128535805             1
1.3231966924962             329.10727332372             1
1.3230297339328             329.71308669785             1
1.3228704665290             330.30866583650             1
1.3227186227836             330.89395849379             1
1.3225739398247             331.46891871676             1
1.3224361595844             332.03350673837             1
1.3223050286982             332.58768997364             1
1.3221802983681             333.13144430460             1
1.3220617243578             333.66475493991             1
1.3219490672592             334.18761606951             1
1.3218420927092             334.70003059842             1
1.3217405712704             335.20201142656             1
1.3216442944690             335.69349906520             1
1.3215529941598             336.17478091565             1
1.3214665041586             336.64565363128             1
1.3213845978215             337.10626710023             1
1.3213070656760             337.55672574164             1
1.3212337481893             337.99687873543             1
1.3211644172632             338.42702302568             1
1.3210989021411             338.84715849730             1
1.3210370318113             339.25732229595             1
1.3209786087529             339.65777747550             1
1.3209234942262             340.04843564299             1
1.3208715257767             340.42940838141             1
1.3208449985256             340.62899937980             1
