0.41366196993583            170.00000000000             0,1,0,0,0;Liquid Saturation Line
0.43130683691216            172.55262500000             1
0.44869980993035            175.10525000000             1
0.46585381185171            177.65787500000             1
0.48278055548998            180.21050000000             1
0.49949070098590            182.76312500000             1
0.51599399033691            185.31575000000             1
0.53229936265041            187.86837500000             1
0.54841505310104            190.42100000000             1
0.56434867808607            192.97362500000             1
0.58010730867064            195.52625000000             1
0.59569753408066            198.07887500000             1
0.61112551672330            200.63150000000             1
0.62639703998371            203.18412500000             1
0.64151754985343            205.73675000000             1
0.65649219128455            208.28937500000             1
0.67132584002808            210.84200000000             1
0.68602313060185            213.39462500000             1
0.70058848093741            215.94725000000             1
0.71502611417545            218.49987500000             1
0.72934007801122            221.05250000000             1
0.74353426193469            223.60512500000             1
0.75761241266167            226.15775000000             1
0.77157814801152            228.71037500000             1
0.78543496945265            231.26300000000             1
0.79918627350795            233.81562500000             1
0.81283536218769            236.36825000000             1
0.82638545259688            238.92087500000             1
0.83983968584675            241.47350000000             1
0.85320113538535            244.02612500000             1
0.86647281485076            246.57875000000             1
0.87965768553998            249.13137500000             1
0.89275866357942            251.68400000000             1
0.90577862687616            254.23662500000             1
0.91872042192517            256.78925000000             1
0.93158687054439            259.34187500000             1
0.94438077660801            261.89450000000             1
0.95710493284835            264.44712500000             1
0.96976212779764            266.99975000000             1
0.98235515294438            269.55237500000             1
0.99488681018268            272.10500000000             1
1.0073599196398             274.65762500000             1
1.0197773279750             277.21025000000             1
1.0321419172539             279.76287500000             1
1.0444566145156             282.31550000000             1
1.0567244021670             284.86812500000             1
1.0689483293607             287.42075000000             1
1.0811315245370             289.97337500000             1
1.0932772093485             292.52600000000             1
1.1053887142209             295.07862500000             1
1.1174694958623             297.63125000000             1
1.1295231570981             300.18387500000             1
1.1415534694930             302.73650000000             1
1.1535643993376             305.28912500000             1
1.1655601377184             307.84175000000             1
1.1775451355850             310.39437500000             1
1.1895241449844             312.94700000000             1
1.2015022679746             315.49962500000             1
1.2134850152014             318.05225000000             1
1.2254783767590             320.60487500000             1
1.2374889088490             323.15750000000             1
1.2495238409927             325.71012500000             1
1.2615912103149             328.26275000000             1
1.2737000319403             330.81537500000             1
1.2858605182136             333.36800000000             1
1.2980843648758             335.92062500000             1
1.3103851305212             338.47325000000             1
1.3227787483109             341.02587500000             1
1.3352842290821             343.57850000000             1
1.3479246482041             346.13112500000             1
1.3607285655102             348.68375000000             1
1.3737321299612             351.23637500000             1
1.3869823146254             353.78900000000             1
1.4005421190768             356.34162500000             1
1.4144994297972             358.89425000000             1
1.4289832770957             361.44687500000             1
1.4441967940647             363.99950000000             1
1.4604941381456             366.55212500000             1
1.4786033809481             369.10475000000             1
1.5005864582606             371.65737500000             1
1.5059948244727             372.16790000000             1
1.5121027418458             372.67842500000             1
1.5193946644169             373.18895000000             1
1.5292675416396             373.69947500000             1
1.5620990795193             374.21000000000             1
1.5620990795193             374.21000000000             1

