1.7464195774442             353.57985482973             1
1.7483225519563             352.56723984292             1
1.7502565380826             351.57881444336             1
1.7522213645847             350.61440955933             1
1.7542168202445             349.67383217777             1
1.7562426567615             348.75686672263             1
1.7582985915671             347.86327644296             1
1.7603843105536             346.99280480318             1
1.7624994707098             346.14517686859             1
1.7646437026621             345.32010068011             1
1.7668166131163             344.51726861259             1
1.7690177871996             343.73635871199             1
1.7712467907005             342.97703600675             1
1.7735031722071             342.23895378959             1
1.7757864651438             341.52175486603             1
1.7780961897058             340.82507276659             1
1.7804318546944             340.14853291982             1
1.7827929592534             339.49175378382             1
1.7851789945073             338.85434793409             1
1.7875894451064             338.23592310618             1
1.7900237906774             337.63608319158             1
1.7924815071845             337.05442918601             1
1.7949620682024             336.49056008925             1
1.7974649461044             335.94407375616             1
1.7999896131679             335.41456769877             1
1.8025355426009             334.90163983959             1
1.8051022094916             334.40488921649             1
1.8076890916850             333.92391663976             1
1.8102956705886             333.45832530277             1
1.8129214319108             333.00772134573             1
1.8155658663354             332.57171437577             1
1.8182284701340             332.14991794318             1
1.8209087457205             331.74194997589             1
1.8236062021497             331.34743317367             1
1.8263203555639             330.96599536360             1
1.8290507295891             330.59726981862             1
1.8317968556852             330.24089554084             1
1.8345582734509             329.89651751140             1
1.8373345308881             329.56378690861             1
1.8401251846264             329.24236129624             1
1.8429298001118             328.93190478359             1
1.8457479517606             328.63208815917             1
1.8485792230824             328.34258899962             1
1.8514232067728             328.06309175555             1
1.8542795047789             327.79328781586             1
1.8571477283394             327.53287555218             1
1.8600274980017             327.28156034478             1
1.8629184436164             327.03905459147             1
1.8658202043134             326.80507770083             1
1.8687324284586             326.57935607109             1
1.8716547735953             326.36162305583             1
1.8745869063692             326.15161891772             1
1.8775285024415             325.94909077144             1
1.8804792463882             325.75379251672             1
1.8834388315896             325.56548476260             1
1.8864069601096             325.38393474373             1
1.8893833425662             325.20891622964             1
1.8923676979946             325.04020942780             1
1.8953597537041             324.87760088117             1
1.8983592451282             324.72088336097             1
1.9013659156710             324.56985575537             1
1.9043795165486             324.42432295460             1
1.9073998066282             324.28409573322             1
1.9104265522350             324.14899062987             1
1.9134595270979             324.01882982518             1
1.9164985120165             323.89344101811             1
1.9195432948009             323.77265730123             1
1.9225936700760             323.65631703537             1
1.9256494391123             323.54426372384             1
1.9287104096568             323.43634588662             1
1.9317763957652             323.33241693484             1
1.9348472176347             323.23233504575             1
1.9379227014384             323.13596303840             1
1.9410026791614             323.04316825039             1
1.9440869884381             322.95382241567             1
1.9471754723929             322.86780154371             1
1.9502679794815             322.78498580018             1
1.9533643633363             322.70525938923             1
1.9564644826129             322.62851043753             1
1.9595682008402             322.55463088011             1
1.9626753862733             322.48351634823             1
1.9657859117487             322.41506605918             1
1.9688996545428             322.34918270827             1
